errors = [0.5262 -0.170 -0.043 0.050 -0.340 -0.235 -0.151 -0.081 -0.647 -0.117 ;
          1.331 0.548 0.563 0.050 0.121 0.177 0.222 0.259 -0.022 0.028 ;
          1.157 1.549 0.202 0.617 -0.297 0.083 0.389 -0.264 0.021 -0.508 ;
          2.574 0.948 1.298 0.285 0.631 0.904 0.221 0.481 -0.057 0.185 ;
          2.561 2.686 1.297 1.553 0.630 0.902 1.122 0.480 0.698 0.184 ;
          -0.029 0.507 -0.199 0.215 -0.287 -0.683 -0.342 -0.663 -0.379 -0.650];
      
      